100
Time step 0
5.0
2.2371181527226502 4.979025535862686 3.6254662309686005 0.2536907533663026 -0.8147012636695757 2.1415661127249916
2.537450700846191 0.7386600202744098 0.031375837708927296 0.8420379357805 -2.188243502721366 0.18407633816909375
0.5181666189835189 4.651077006155588 3.1913419678832247 -0.4536675513058992 0.6893324187324653 -0.7948987150330346
3.316384665968571 0.19279097617492652 4.8092485569198615 0.09338247199558977 0.3418863629166985 0.8633772175697876
3.4569261957428643 0.9991526484361919 0.34922818935749284 -0.9921774935932874 -0.497602151904707 -0.47732328776129007
0.46741505345768336 1.2420599118607374 2.5978002405326923 -0.4452103191112231 1.6023533242173382 0.40260373436062163
2.4950745589583914 1.5512830804992463 3.774244052001565 -1.0527650408725564 0.7547610309910174 2.1197782204122992
0.17772438206386917 0.8419814999538062 1.6979598466972647 1.2405841740136356 -1.682470882017772 -0.48661204946658526
2.1377682235768285 4.0849492183779805 0.009833708277300346 1.4750300626491115 -0.8707703816825394 0.44144145154589454
3.1172232744905606 3.381898423613766 0.7821164741930229 0.9827529668918256 -1.0900313876418415 -0.061903332662133964
4.237647724838745 0.42525105068193303 0.15183561364437423 -3.0331484266065836 -1.1874885573980485 -0.2549461279934942
4.837595658294554 0.6641152190114559 4.339458047880869 -1.0396642685023607 1.4693103878678766 -1.4325193545609665
0.7395184316000547 0.22275716215156485 4.966182198966964 -0.23192557323449497 -0.03236033877766728 1.4388953124657817
2.872169319814641 0.8422434032376692 3.1199948509966666 -1.2277432377169506 1.000062836091201 0.007855084419253165
0.26726884311434684 4.881593858778686 1.4970870266853615 -0.7733897375854621 0.29900255819951216 0.19668171897313613
3.8395896334946142 0.2372943656839921 2.649297180817248 -0.3920979636963059 -0.09329883107373971 -0.3876915734620941
3.004309273170425 1.4719756459119637 4.6031057836337315 0.3216362587137368 0.49902975845728803 1.5836388395450183
4.087263243551475 4.990600131218758 4.262479702726868 -1.0296965853643603 1.969932458592508 -1.9544657761228357
3.073405703801108 4.218895943754413 0.23297900991291964 0.05633381842690546 0.4252162904208179 0.27861389113469875
0.35397849794616754 4.807576695860899 3.5167546199014943 -0.414580606358105 -0.3712231664210338 -0.4953789112591667
1.594163831885747 1.5846762875824298 4.147731182532982 -0.38124584348172275 0.686501180957266 0.35463750936471344
1.251029796410469 0.6302472260265194 2.7067132314209768 -0.4847906817981654 0.7364989593694921 0.30492154427627544
0.5668326957273533 4.198546352919879 0.30595159731542854 1.020981032301449 0.4665279258598536 -0.8313729875224062
0.3299155971397898 4.514158048622144 0.5898320782700663 -0.3520621267344808 0.5841926890595032 0.607992288833131
0.3574529929280237 3.8484232564272336 4.750224843677166 0.18721731949834064 -0.04577353275497663 1.2752869191880911
3.7314596435184684 3.5116076745125104 0.005922021879527506 -0.38345247537334115 0.38399646510627927 -0.20457062903422796
2.8200461531004057 0.6621472159589125 0.9226715432278283 -0.009562289764731502 0.9356759359234315 0.823038372387696
3.861641510326316 0.9530724463095023 0.5651231643641061 1.0216285494631272 1.1423778910905704 0.018625865032425165
0.8395432546188452 0.8865643129758594 4.188203099030653 0.8900718847574527 -0.4733676726572147 0.3217883758881082
2.177847273147558 0.22687917743685748 2.688245384168433 0.0779758590948042 -0.06610495107104043 0.5927790488365797
0.6599068093153634 3.9129603408780773 3.8013146128080537 -0.6101017697709837 1.9292863596217016 -1.0083953581000358
3.1866148423284484 3.9402792621668654 3.4205052144015267 -1.0060696993252434 0.9950099574363092 0.789284717362602
3.036892665618789 2.3591368795358183 0.9237360112910933 0.8322387305146439 0.46524459320052125 -0.014624749447248507
0.46520283012001 0.618901354882749 3.3322848018873894 -0.6891354580233428 -0.08729635787003229 -0.6795396881124456
1.4701685832126072 2.5086670701969966 4.535417148413004 1.1832386468802398 -0.3101582975658973 -0.8278751733928454
1.069406612381784 2.3050311408043505 3.6650771501006174 -0.11326692819050466 0.2498305382118657 -0.5661025294043086
1.8133278997381552 0.6396709995775112 0.684359475705623 -0.6141014821039427 0.08058629542815368 0.24258859450838888
0.4805474516827564 4.958484677341197 4.080920423534529 -0.298824261908641 -0.6341392216820814 0.2296719607573024
3.165421971927256 4.74089436000893 3.9723563413922083 -1.2399654280348353 -1.5705646904403139 -0.7208221978527699
1.3895569192324253 4.66728753836489 2.7609508655512243 -0.0053282382493584635 0.14780664953424597 1.4729782403492182
4.4401654755916145 4.789339938240131 0.9135233988511549 1.0657785366645083 -0.3230394460271857 -0.021394184503022714
0.3966121481637591 0.25070938742620297 2.4287465483338253 -0.79441045117532 -0.18161405205614856 -0.2910366155204722
3.967497188033028 4.487924040808268 0.08038596930960985 0.5308374738005783 -0.9903318596160816 0.5169685376408384
3.8272858460368826 1.972137420327326 0.45313641541703564 1.7408578264650665 -0.2718610645206162 0.39933374549860756
0.680471773003915 1.8432813408280095 4.420538908871767 0.8982629051736013 -0.5643213879495949 0.22171450521008287
1.4745956240233247 3.2380280013784084 3.668439133994268 0.22071131424428364 -0.0654248175149269 -0.7753877604558004
1.3483601574241248 4.5087241406727365 3.5718176205568497 0.2326290877214315 0.33489737518169116 1.448765631194708
0.44110525046228866 2.1801637949707215 2.917288155000615 1.1673897395476955 1.9900815414477977 -0.7697255394883834
1.2844268501437222 0.19447345215310957 3.5884877779014115 1.080439550183167 0.02024108967459312 2.1874249566173383
1.7276966344130684 0.22762163631650606 0.21782444722602096 -0.6001793718926627 -1.0028227582445346 -0.601770622044356
4.23803271812858 0.7723487572640615 1.0684274819748318 -1.915776810847318 -0.6888559377445197 -0.7615106381540319
2.6406840663462017 4.825078103340719 0.46653038279900244 0.3585126999386964 0.17865505971340082 1.8737928626155524
3.3201814475925095 4.13320329216717 0.7081267551405526 1.1585427516485391 -0.7400045717261617 -0.9007926479486918
3.764301539564552 1.1911542728760318 2.843111206679406 0.7000380849689944 -1.4833341230844008 1.82908078925402
4.010601793731135 2.957017845517788 0.8257381453406136 1.3875590341837758 -0.6322765681684634 -1.7155125056912113
0.08482004765836759 0.47070664677826873 0.6793726423402109 1.5619912876279016 -0.2776407613163765 1.235438335373128
1.0491582797441832 3.781212414530763 2.9212890090784627 -1.3863087453318783 -0.7624759390175315 0.0028657231178492817
0.03689344884267114 1.8131213839236298 1.9441909394346042 0.25509950722723085 -0.6131663875430022 0.6204719557471648
3.445935597516956 1.4591911907999335 3.7277179675387306 -0.8595015159201056 -0.30548040108505214 0.11791765511156498
1.2675201192900707 4.38356952277281 0.3375722908124104 0.7225577475212378 0.5485139620251311 -1.127020068438203
0.3144592371070146 1.1463075238726301 0.021096544773250514 -1.3259952572731335 1.1145759058347504 0.32993603537925775
4.366895567066457 1.1266692303188135 3.6098621651064553 -0.5403676230940648 1.3880510594587643 0.11329665769252478
4.167744895037807 2.1128948790447133 3.643270677542193 1.3874160975263152 -0.09558243465364967 2.058369948281653
1.4140020246735439 0.26297904730095123 4.435469803053063 1.9634597559056932 -0.4120650645428321 0.9691929743540215
0.024575288583952748 3.8221598016121723 3.0491490362484917 0.8534948630476363 1.20553064146859 -0.9673014371804384
1.3916621213716787 3.7603639237186894 4.475112059649748 0.8941703734609281 0.8953235707858291 -1.761117463023448
4.452784484142808 0.219299446408745 1.8871082706207016 -0.9751395992032863 -2.2023330938238592 -0.27178481104489166
0.2352573871620308 1.5067868337538808 3.5869309224132904 0.9256611692584511 1.3392561360322695 0.0717168038194413
2.392723212830972 0.09573904020163937 0.44807744354687706 1.8367344590337806 -1.54320237427865 -1.7057604159554884
3.534868677811813 0.1080660151703099 0.7623853096803346 0.15257121456587 0.22096453287554865 -0.035072724694426995
2.460627037337477 3.2822033872319936 3.4634713859380457 -1.8593231865773878 -0.252220955576547 -1.306847477105187
2.062066808849792 2.573026501756452 1.235424633949549 0.8777914622925272 0.20349733003308965 -0.9422577629276891
1.5409525184418162 4.245413374190369 3.628072566493736 -0.30574800387420475 -1.2223144379527102 -0.06505707387350576
4.758500585035664 4.321619727443784 3.889053106407388 1.163261233963727 -1.1488269623993024 0.5016685389175105
0.01694386293871819 1.4281296414819367 0.956470304091079 -0.322138704909952 -0.9559737483261028 -0.10940833655489171
1.167847517555762 0.04928316518904463 1.8841908857764975 -0.8271234089568853 -0.7167502214109407 -1.2002558691891823
4.859961283340587 3.360687482754635 3.933072947063972 2.172844046378878 -0.12783736409203 -0.7021034845929195
3.4300263879563917 2.929307284886694 3.383465898951224 0.4220988241967108 -0.2754289657545884 -0.22334757613355688
0.33911183280855894 4.673693996925833 2.698127871604541 0.822285613505914 0.5944067939835465 -0.5328791242108614
0.3730205254080321 2.8050659106965976 3.1166944183220417 -0.3676993271821912 -0.43815261321540266 -2.304299141335919
4.85497302723898 4.809317916584298 4.806833016821738 -1.3070721487360635 1.203773351380766 1.64258973690095
1.0029372245378285 0.1829524965055711 4.090707616795607 -0.04091712609388953 0.4134560469920078 0.3088721779432022
2.409111473079811 4.0825439826801 4.032401221388827 3.2869997219177263 0.9564739953708181 -0.13029556808110043
4.279416170749996 1.1912927427863147 1.977558330019631 -0.747421527137937 -1.7695472363213312 0.2010856592668892
4.709103286442894 1.6330676633822017 0.6305456183155487 -0.5482318318218146 -1.5853546256614328 -0.6489508608428605
2.293729727921468 4.203595194127802 3.029840781755958 -0.8734290901519062 1.524040719008806 0.8792617803491166
3.0300904376389655 0.13219229244813224 3.0401496101244905 0.2001462721458714 1.3168432228262672 0.07499033104728442
4.651631981223987 0.7470381425663952 2.7459398113208424 -0.6531652878657749 1.3600231612058986 0.5365320670843248
4.348474472125454 1.3715760805463002 0.21675712733604513 -0.8291272408639676 -0.3534395941473668 -0.8779962299850911
1.1278469818674708 1.3795224343816637 3.3235515196731433 -1.1746808175018473 0.7630766314678827 1.9070386638697967
3.85054394915444 4.042114277395553 4.188677316763061 -1.1904486603566524 0.3998683206268122 -0.6530205457221608
4.595586505253272 1.7199447809676403 2.8440778798756656 -0.27900647030220727 -0.7554948403026278 -0.8663687462801499
4.123527916432957 3.6173676304954445 3.370088347289328 0.2566405414073158 -0.9940510324747964 0.2680788491795049
3.9324961992171374 4.5705250519358955 3.367141681286809 0.15788080401335183 -0.40204896293016834 -0.9099416386419318
1.939399717606216 0.8759321687416514 3.3898990090929804 -0.36865241710584395 0.5922903097619974 0.49853921102404686
0.5610783608954619 3.0559647243289647 3.3222696680075456 -0.7694363313360623 -0.06376861063453275 0.7490091467714551
2.1788961748955393 3.194160092504749 0.595205243496352 -1.461286367658883 0.3802592763161764 -0.6650017355461806
0.5275079561196868 4.309047230690122 2.2769859811023503 0.7787175820556481 -0.9263600726062755 -1.8072600772648528
0.08009950266898964 2.4101676462861032 3.883886144497808 -1.4194235244206739 -0.11501596940237663 0.25734452512114797
0.711656034397835 3.0584881034351312 0.7048908740031168 -0.6961977116419198 0.47549154271361527 -1.6638980388692937
