40
Time step 0
3.68
1.6730359671896817 3.0518901710165247 2.830294339735025 -0.9443368086702081 -0.4362998934310109 -0.22908193040042574
2.2753500831692315 5.588081539275195e-06 2.366075843189604 -1.7057986629249742 0.18748253023133338 0.4240814949116212
0.03901122025652289 2.6881252141521768 2.4667431829550246 -0.2371702581503948 -0.3432248802083896 -1.2523445193186824
3.0635050190019175 0.3136123529671814 0.18909469263128598 -0.6629290375582148 -0.45135226336001216 -0.6392510464898871
3.1780706369703036 0.04128722901457048 1.1994175501922508 -0.40356942645886484 0.2954131099812957 2.049212123942262
3.532657594861162 1.1772893807529439 2.4204689428223105 -0.06770590196101672 0.1489126438895217 0.08858030696556468
1.8519409909119127 0.8371930766550176 2.0766196099869183 -2.1610549300918973 -0.13515162228245955 0.22325643267275833
0.1573074461259848 0.551332285093374 1.7197894418281263 2.2209583976924305 -0.3009987116143652 0.46457356506534436
1.4766981421975125 3.464266146541564 0.8400077825874127 -0.27699548449809896 -1.2773157844527747 1.3058490372467524
1.787351937804184 2.871233771047725 0.12333554307879953 0.5096493178939184 0.6823942002098042 -0.7463612320630071
2.956487794908472 0.5070369921581501 2.884608193757214 1.1605105961432436 -1.5104888096255236 0.7498833165320022
0.27418052439737206 0.34599156557999367 2.6941694740913875 1.948171911017123 -1.099174071963931 -0.40327150687104
1.255534347314485 0.19489713769033196 2.5287660313147944 -0.14263234970521446 -0.6121134009494419 -1.3876372083344009
1.1491448776161455 0.39721821900210946 1.5444717596807869 -0.17372073998682835 -1.1709414605593476 0.6366186533669135
0.3674979083161851 0.1755757717518498 3.669484235299835 -1.1617079490266589 1.4412966581842968 -0.6202270696045051
2.838344307400147 0.689022086908469 1.9067250597612806 -0.5643452309985313 0.7048794705364271 -1.0678380937022234
1.9554885796478234 0.6542694447067839 3.058263178810645 -0.014823780188726265 1.1985050074491854 -1.4444570118294957
3.3818505965274874 3.3431624505191175 3.148649935568043 -0.05764985626055147 0.15124504741518086 0.9448490945090422
2.0568943310193495 0.42890401841885906 0.3652726408494299 -1.4792344256709375 -1.429094359917519 0.6849677883486296
0.4775327623248236 3.6221651383264897 0.9932115254190578 0.05470095844033038 0.14185510351263386 0.5094744322287076
0.9475938796975064 0.8600545905702135 3.209759094094884 -0.9223084363713465 0.12361595032776088 0.45609869603041314
1.758047372691441 1.0256987234868442 1.0930768426021724 -0.9566351328192235 1.7571367643115139 0.6368591436435194
0.8040972084248651 3.0244669525335897 0.27493924736944014 -1.4335872119955042 0.547915861800587 -0.8116554474955895
3.4926234784152745 3.1468549205440297 0.4311473905722779 0.5448008889495963 1.0499578321741614 -0.6576560956199786
0.15837320225738766 2.502542169863191 3.4249468543670094 0.7210924144514661 0.30414318010325564 0.985086382726222
2.5034174129086724 3.294901927109427 0.6380200046248499 1.6545092678610918 -0.35402586283611315 -0.5907099416257577
1.361688427240925 0.016429909287456194 3.506470816968857 -1.131798144418379 -0.924448031798681 0.0859245133176277
2.7261699371101247 0.8712636656007113 0.9364418322549444 0.09886826002378821 0.16805305249677638 0.9902094717677556
0.8513847968707938 1.036443534456777 2.2387921332468337 -0.22928182291494867 1.3448963303240742 -0.10163061050622418
2.1748280563138263 0.18301804988025205 1.386177855658033 2.4778854517967632 0.5170296009317635 -0.6941313336845507
1.0017687662802062 2.544671229621799 2.319793783289903 -1.313176212853968 0.3738346684099426 -0.060436562594119
1.551417792345646 3.2359866424972084 1.8385379239543589 0.4717167792992363 0.36459987774030217 0.09019731007485912
1.6406295265501096 1.281179939562073 0.09898586125510814 -1.0890774328612607 -1.6234849715191073 -0.2834887293352892
3.2705843578933895 3.5360878863220266 2.180523804965428 0.6141150795306166 0.10545599729696128 -1.0827125559802562
1.1344838790722707 2.3592114589744586 3.2932790716645814 -0.06910278894167368 0.2766796328955941 -0.720831213469401
0.5172003934761434 1.796343708447379 2.795446612612573 -0.08855860884732777 -0.05042902838724278 -0.9799440750988913
1.0566921437631052 0.6122224599471594 0.5400883682935674 0.11550364555542761 0.4521467795349917 1.2460774659070089
0.6959535427103066 3.2043068260675684 2.9868271578616996 0.8115183372420472 -1.4863071147903337 -0.7747988171833908
2.3938420284161652 3.497290499372536 3.3399283618081763 0.27275155241580407 0.4051482040789661 0.6780739090377799
0.576196496898077 3.389374271152646 1.9948441303175881 3.6104477758618656 0.4622527638599243 1.2985918629123308
