200
Time step 0
6.3
2.583683788216596 5.550536125529839 4.734188330477824 -0.5574242419485504 -0.852502181726686 -0.16634272728029587
3.5992270179419847 1.0797014724733498 0.9839287618597194 -1.0624089459954837 -0.6132786548115239 -1.2571902599145865
0.6356842723599729 5.086531216349097 3.465088751701865 1.9375585093402796 -0.024365797492613257 -0.7590378753183237
4.032298553655872 0.08631731259758571 5.63442513064837 0.18681328715811235 -0.1719573991551717 -0.280281966858961
4.540421900734835 0.6802416937331359 0.7914290740627927 0.5870000764673156 0.6978783605829633 -0.5898135149362655
1.7557331646186933 0.39806522295586444 2.8239035804716943 -0.6029848642207897 -0.33468104661598586 -2.361233532061323
2.8271893496842426 1.169081130681771 4.6115622632594295 -1.542357685774662 1.3072449179801828 1.5856553461755456
1.653784119890654 0.23283408237671033 2.025821194959526 -0.276202663132488 0.5169276135914246 0.2519377872177981
2.458077634243446 5.679017354996068 0.2960988674869824 3.051714184879128 1.059945561970235 -0.1872299588065046
2.9429912166275716 3.8208241902075377 0.22844823214193885 -0.9827070641765354 -1.6660756697219143 0.14415126854148505
3.2076688708941536 1.323589498763265 0.12189210959145402 -0.783517368860413 -1.481883059062016 -0.7058852515682646
5.660156637246142 6.246152104131458 5.170277918573561 -1.1087146271905046 1.627512285608223 0.8223273896237124
1.998553603957139 0.19383177081773084 4.227585195223304 -0.03513926489272704 1.420314789425684 0.018055940321880258
2.926391672349952 0.524961136162756 2.871566966290263 -0.8884508249043733 1.4634947278053154 0.47959767635892064
0.7605268648108492 5.831792821473816 1.8642236588215775 -1.064412777902566 -0.24996802754795006 -0.9349306207104953
3.4137933374084843 2.51373243914707 4.1578402473837786 -1.4099663545404457 0.8665481980672995 1.8501042731443924
3.170231568386609 0.6326383849949201 5.742754791016934 -1.4257341973952509 0.503339887226229 -0.709954936447565
5.387612019402845 5.576912180090289 1.0905548248063788 -0.5142920073408057 -0.652023273703211 -0.9233031370055541
3.849297655301849 5.435204246658665 0.644049920208944 0.02135500436871732 -0.8905794658753796 0.21114445845410076
2.143088993559013 0.9366375534661566 2.442013404137122 -0.07740473302524663 -0.29857739633075164 -0.966876029367336
3.6488606869928484 0.0037380060665245293 3.2838640039507636 -0.6039379541444424 0.6957618763614142 0.44160482029864273
2.71769662848645 0.35962321756535354 3.1751699720647935 -1.0047218683746608 0.039702955964884004 0.692074756046051
0.6079742265666825 5.697999684687089 0.9083960255579341 -1.6965719046974814 0.4837308429155932 -0.7219361262715848
6.197547556966925 5.077776992849616 0.8969613399226505 0.5434320450170497 -0.8228885060068587 -1.8641944679902571
0.134444979329988 5.538655271143295 4.122567270902414 -1.6547090614592723 -0.011544402802959874 0.20041013439574382
4.773484192900659 5.292890901029997 0.3622530367304289 -0.9314832486805182 0.5789631093130321 -1.720832429594698
2.292817363669789 0.7827346465343348 5.3040739630936615 -0.09324642222342625 -1.2706455492267985 -0.7111484751278973
3.4225074156430777 2.1021375818653145 0.6713224954847163 0.020232047740304345 -0.9200427147482942 -0.4438679115555634
1.5666389095681987 0.5660050905114993 4.684172106658429 0.9791261856383309 -0.6365212189874906 0.7763797447394037
4.661900545012908 5.413709678495422 2.998123599800254 -1.1568734782337278 0.47017482845094094 1.3822562533321623
0.42846303239469496 4.351705386206299 4.065392564808747 -2.498811123703399 -0.8565246049348186 0.5177597598548019
3.0148201896338382 5.004819384267257 3.439715276980945 -0.23021200961910235 0.31151652390696694 -0.6632975540415587
3.210842084040223 2.891037712961491 0.0930640316152006 0.05942316389679024 -0.21530658485642135 1.1084696943340693
0.7026054071000404 1.1076260831569433 4.46008874777553 0.22725421972510346 0.27797331261086033 -0.4711893334482054
2.2952353057236485 3.115271932986723 0.00633991158485081 -0.5147728476486032 -0.4921875372839628 0.3351397750525588
1.700152459334991 2.4024793403961584 6.090245737284892 -0.4481511043963726 0.23014550743207104 2.0160884313197007
2.493720585358413 0.13050795946258537 2.2568703214080923 0.8439580798555827 -0.38565288163218303 1.1419015548382068
1.6103354563149455 5.353205758794897 4.712475519933724 -0.43524199659766105 -2.097753884642196 -1.0673986782431422
3.9002681735506637 5.595121250895546 5.06473161083735 -1.8979585446019653 -0.4111428335056505 -0.040893988136186346
1.3813302587177068 4.646525568949138 3.985915395259885 1.649270688699173 0.26729802429982075 -0.2784128961346023
1.0380498479004796 5.803799326432528 0.8916342957597516 0.8022389576073795 -2.270764658472227 0.17630219078282788
1.1652777355659623 0.4015027772087958 2.8857714308645668 0.7436985703108572 -1.5382155952441834 1.084441675881191
5.314369998724103 4.679221950768348 0.13946150844902583 0.31132978391830446 -0.47491726336514317 0.5734694987805468
3.4248444795081823 3.2897839770200044 0.9157354068020218 2.2435262342282862 0.12223690559415329 0.18890821897459803
2.6023816582627566 2.0591227928700695 0.06005435039889129 -0.4865275231163538 -0.9094737189291336 0.7710234492185075
1.956549647185367 3.042347288338021 5.3573129734090505 -0.8832504494849769 0.011936887755050599 -0.5369698140908548
2.4144500251900793 5.4371709549512275 5.662008829576718 0.4518132021702822 0.27403275582260644 0.9782275769321611
1.476767884990897 5.171271486085068 1.6506550019712585 -0.5371830224308567 -0.3295042847577131 -1.0380760831080453
2.204040487059111 1.124717615339307 3.928250369969364 -0.47145988365222125 0.3176711435805103 0.6976762493196138
3.0728923110989688 0.3734922056421689 1.5002048370288072 -0.9493319477537351 0.8099765706413183 1.2963254914792128
4.796427652874552 0.573136959152408 0.25581228687228474 0.3862682796475912 1.817166463093724 -0.8331015664293111
3.0522608746420063 5.8440898168705475 0.9740249844240111 -1.2718213268875267 -1.8383495983686204 1.436731944163445
4.5084121773008174 5.02550163852707 1.2557277392880088 0.6271990327779481 -0.11521402037479694 0.22065625899408223
2.9490495756228476 3.1126743859641053 4.794644219899567 -1.1526556708744862 2.3861226301524843 0.06990881464948945
3.827227082433539 4.125764702992058 1.325323454410009 0.08222817102878321 0.6661372744343501 0.4216968644109752
3.242332454881899 4.064713203370706 3.074376514041655 0.1967174007030217 -0.8501038049096538 0.4121559898102577
0.5077304232725668 4.650022680101869 3.947583887348388 1.854857872898924 1.2857906966906358 1.533874259313659
1.128479049893059 4.188651961832524 1.5499424672006765 -0.5383823000072948 -1.0492341697229228 -0.1850992874253862
3.7353709348221424 1.493881751471781 4.726946746232886 0.028558288712584933 1.0345621690066067 -1.7517769970405574
2.2230678264674033 6.256418340651244 1.2567561536827043 1.502383695884504 -0.2176372480433313 -0.48619343727315806
2.446889430825409 0.09277423657267492 5.974149165245983 -1.0392709988362772 -1.7144860213301112 0.7638582166361765
3.573226258337561 2.3674702684653517 5.109674915918394 0.04615134361229421 -1.3495902492053957 -1.3543911393893542
4.208268845523118 3.85318837133755 3.3274557408021725 -0.3629513228662379 1.6093921758250511 -0.3189037186893428
1.9501496481866156 0.1678079818578473 5.187446183796062 -1.5303095766942159 -0.3053724135502862 -0.3320359370734085
6.165003424614644 4.91148270879139 2.3546904106982955 -2.7240532665176813 -0.11392421598215408 -0.290246897534416
2.535713655533606 4.5382041494678464 5.8677171892784665 0.6690397412373087 1.7893267454810033 1.0672526622220193
5.254044715287941 5.42872234518113 3.7441446700557584 -0.2960553141309402 -1.1661552582060122 2.5140474359241223
1.4733866457896443 0.4390254632858392 5.765647214529959 0.03205181043837858 -0.04570005755139567 -0.08343745443574133
4.357106551159343 0.1412647418166637 0.2214000573535355 0.17091813719174528 -0.20398976138828434 -0.6329743742059744
3.7520173141003714 0.13030012766202057 0.8881665026210673 -0.5740255648165018 -0.09238261968034026 -0.602737138459503
4.488281243963096 5.411871109511329 4.3329882907858615 -0.740012406253274 0.046800878227554965 -0.3142895847465933
2.301745935150147 5.301908587246908 1.1799819673176288 1.476826365006579 -2.710599157857354 1.0321944845967237
2.2631649750712644 4.652396020361386 4.9236564398388065 1.2189185689215194 -2.1330195818724915 -0.4019999614060868
4.572330572181148 4.715246107899466 3.6852237431831476 -0.3986074895719011 -1.467141044182163 -0.8371290549166134
2.031441797019968 3.8207539131002455 1.8237516797641709 -1.1377424690419384 1.6926410939592809 0.8763660258217231
2.3606518692096743 4.488980632667141 2.8979513228278613 1.244388471418049 0.6620427145788933 -1.1883641385429673
5.014641862920916 4.57548873844983 4.550173933741437 -0.5516868898558833 0.42974521176357616 -1.2814401762176835
3.1111603127695915 4.9172065110304946 2.4888431957207393 0.6858318065962784 -0.29995474762247687 -0.43413317487533554
0.5224264164991894 4.93500543014223 1.602970804828822 0.6837933446273818 0.38463396202169786 -0.42027853314481795
0.3459953524895072 4.232601391609307 0.7232138623082761 1.1321631797881384 -1.1406926770642392 0.5566232396185257
5.765744808355377 5.299825985277135 5.569603476778545 0.5659346343922741 -0.3691757887783321 0.26682065491637996
2.7418196740038674 0.19460474279535814 4.6819105624191115 -1.2782801999614126 0.8643976697425592 -0.24421450376872708
3.136939366606678 6.008340012189175 5.4097750631083565 -0.5498896440951492 0.9893798763725474 -0.7636560578684973
3.2287048875824773 2.3962282174634826 1.5852641720087142 -1.4356279199396693 -1.6162585229882456 0.5466975840199015
3.606276326248538 0.5461347264115843 4.899452428967063 -1.3075959760723928 1.6951648325200228 -2.14124177520946
3.3750217475308193 5.240534572962451 4.340326262379127 1.6692897447139285 0.15138811773827654 -0.15602547919613044
3.2629615401841394 0.590875557579374 3.9617074754178527 -0.5720857103850594 0.339506764887729 -0.09694706975058641
6.296900988148637 0.15994130626488534 4.398150825897563 1.0761352584404118 0.05459829919769778 0.09098939413613955
0.43519101597864474 0.2683449621816356 5.370478272475128 -0.39077883578996553 -0.11657497318540933 0.24848940156632113
4.122859991822739 2.498848345919821 1.2397744552400116 -1.7373350162327352 -1.4078147715700549 0.6839517266969769
4.762751243060206 5.125680328117241 5.344695912597608 0.1436988145518322 -0.243612685817021 -0.04087843426034489
5.343273214090711 4.687532474321867 3.088632909614423 0.3204150817855614 -0.5993890297737033 -0.8376170927280507
2.7737980909637714 2.589580591590799 5.597816118676864 0.1686786315215719 -1.038002127079374 0.3489403883887338
3.1739470311744467 4.951723908585599 5.230466334878151 -1.72975022781395 0.9695262878613018 0.413285115087305
2.2507646814704825 0.6849431181716946 3.9620378629803827 0.228863110737766 0.9230616344811721 1.6061620771368386
1.1495983193584864 3.944256435094985 3.7126749944384683 0.9872034414420208 -1.9005035807959871 -1.3388893340614396
2.004343871313265 4.032202734159204 0.14870635123082085 -0.6519852012717885 -0.03353829925350808 0.458346653143385
0.17814127466471774 5.631952495567604 1.7180437411877443 -0.7529104367295752 0.12713741501273645 -0.8146952996790606
1.3659570996017028 3.3673358563394182 6.1112371409815225 -0.6386844265680579 -1.466290446312564 -0.9825456134366424
1.0866863025454967 4.8262071266319895 0.8165285096127947 -1.3788512291924433 -1.0355026024416747 0.9943294292821014
0.0016153167193779794 4.339259737319224 3.1393073679783563 -0.9765655124080527 2.5727527153730487 0.4340055335551512
4.33459616813477 4.55019192977274 6.030008699443067 0.15766950011876424 -0.9179871296455554 0.6409975120832533
2.1249728167512827 1.7608887167432505 5.495692351956828 -0.6028044498138836 0.06238046518101957 2.5007721709430566
2.6391729997109565 2.6649204507380735 0.8401843537411849 -0.12322652330075955 1.089643976821334 -0.7624887924516255
0.14161379520351872 5.717401925754996 5.015208505980619 -0.062155114073071366 1.711171286171168 -0.6862794251135055
4.393555407866011 3.405578772453993 1.002326832199474 1.785281934420819 0.6481225859911336 -0.6217791432200057
1.3381107623126942 0.27098961401301813 3.700747787732353 0.6052411154794113 0.912925100162388 0.5624975948914583
4.796668095696352 4.149423337451974 1.5804981614197853 -1.597391343466566 -0.7867665252892104 -0.3068310028772428
6.057716071942928 5.268556168570818 3.2338964095674925 -0.10160005267615596 0.5610427480863361 0.11838863360751578
3.7572740289627737 3.241145949050048 1.804248822630056 -1.362510982286211 0.3205685015416213 0.5512733779580851
2.6783448634053246 4.730715296814063 0.5095259798805866 0.5326238243549302 1.02115137609028 0.774609787223166
0.9243585960756222 0.9895462463851423 0.02183580887133397 0.432013455652327 -0.1297950609229889 -1.7202733008417295
5.490657968371001 5.601899194372716 2.5331530936653226 0.4024515955564762 0.14805833769876928 0.2122664698696354
0.7462337438494462 4.132414012036747 2.3273209236498924 -1.303915199396419 -1.1406858898726042 0.9938404860071655
1.5740836787902421 4.503777133657502 2.33690957319878 -0.06672177743276471 0.6218713479082826 -0.030993991195276873
3.6037978512146194 4.513788768084396 0.4583113811684087 0.0025895159196355176 0.8786544565116559 -0.575357095543112
1.1553573659108503 4.442751941476969 4.89525222209803 0.06895415336487369 -0.5219046381693844 -0.4938085947580536
4.515978325703169 4.291927449100513 0.6259944659250065 -0.33633874704474903 0.16250442216937097 -0.5380609889892154
1.2359713910911534 3.828009861886645 0.6708538483866653 1.2285895019974111 -0.9542366516838457 -0.2461840114870971
3.788147382460231 6.125233162423191 4.270324200940417 -0.4668976818502846 1.387348534889391 0.13724240918583658
3.2403083568476774 4.948736202323722 1.2875597333670945 1.0046779158925252 -1.5451897225013138 0.2077378985435208
4.428039571362547 0.01711729571281051 2.6530142350104264 0.8624641720473274 0.022654639811082317 1.0061680077396131
5.715655048510552 5.547936144080286 0.19289232331932793 -0.5444550736764818 1.349718090721238 2.239585756293512
0.9140869833894876 0.01156244225764258 0.1754469461190576 -0.3900051840157687 -0.5051318708651137 1.3940721097919628
0.05012126794372859 4.830921677844336 0.030139700499269395 1.5524055221546027 -0.5824893766176101 -0.4794991844215953
1.8218438677307651 4.957540582030848 0.19693011155357398 -0.3089512324366169 -1.4040798604986189 -0.9779643138099363
4.171904321121817 1.5496337869014698 0.31132426830933174 -1.0313073903281775 -0.8274269145684703 -0.09399725471251923
4.046968558058527 4.6896546346658265 4.810535628956792 0.2070481089604111 1.490871143349735 -1.057666408064529
4.648010926951909 5.589469540780048 2.024578891029549 0.9571557749004741 -0.27361819368985085 -0.10877607697817099
1.0711202693871642 4.364416017806072 6.1725323372864285 0.6476528685904941 -1.1823513710266405 0.3230973788583126
0.8183477199485276 5.0789060795725876 2.5104775861959086 0.13928558463694643 0.43282191454380725 0.22985627658208005
3.6141085844592644 2.1108688450200663 6.020570340137052 2.4281335163347846 -0.6973693337156578 -0.5903093223275557
3.9390521369291163 3.164345502980911 4.706805305149071 -0.650307150000874 -0.6151064686245965 -0.6966994946322558
4.554669342273737 0.7307551325595519 5.075432350489711 1.1618499075314421 1.360874898525513 -0.6300586610752144
3.7776681064140614 5.7453810359154165 1.6120949754638365 -0.8595221966803384 0.41178620692206225 -0.6115354116067093
2.3049238059066175 1.0509587074653242 0.07783557796081109 0.6057651941794011 0.14329367138695784 -1.57505648232297
4.5603514224051915 0.3005602724271128 1.1343211163891633 1.520338577753952 1.7362483236311799 -0.6721010578101243
5.8004185300370015 6.1727667766093965 3.380720761793758 -0.4148681835120938 0.2262360412605631 0.27514442266128697
4.110373758535174 3.9543754247168033 2.337586996040888 0.6313776490967208 1.9505751893020078 -0.23625959481978745
1.7826944802630094 4.020662423949859 5.511386609268872 -0.8254638681145634 -1.438948577478869 -0.7902424072676572
5.3670820695301 4.625950970203202 0.8604826724907398 -0.06029359644990677 1.7349285140534458 -0.5769236663619095
2.8979581867073807 0.36040260592641893 3.8495745036928763 0.19662132806278884 -0.07605224553709394 1.129080906122346
2.8780678815124707 5.6415159681063125 1.8936834067752804 2.499765802297512 -0.5904981223846625 -0.5487518098439602
0.9258918928788784 0.15308258882306536 4.522738290880934 1.0169942534929624 0.6222621401619696 1.7873949584102955
3.857311709092211 0.6483523999296967 0.10816320813154554 0.5567615617498543 -0.41892144025140143 0.5313424633665712
4.715172448925674 0.21872144434516017 4.984464026023359 1.081536957006798 0.7608528317330222 0.4479616637815597
5.239611278554663 0.040932400031568845 0.5098106125627738 1.0395080660130442 1.109666240981331 1.322846623711789
5.386809137128819 1.3507644327273196 1.7850138009183278 0.621543264013533 -0.22674742978119622 0.08740131910758478
5.028607579909171 5.897332436403033 5.887603018738299 1.1793423429322472 -0.8765650204515779 0.30936094154716315
4.135220848984931 2.7124801631528754 0.29612770100798036 -0.42050543590347034 -0.03088452652952438 1.2191394952815606
4.723244397757482 4.681269143524864 2.3903865156435664 0.16393244444379368 -0.013192801308193058 -1.4191685083056573
0.19025950238760636 0.44754716009441253 2.6407751596217763 0.719086942451111 0.5858548316767336 2.103942355979722
1.3578870913508805 3.227942587538591 1.4354594008308146 -0.3349448585291105 0.1595209781995971 0.1900713163850172
1.3136283686928907 0.6849938663465434 3.8292551419739884 1.5502866561873647 -0.15492488185129397 0.21970915844460118
4.2542266451343576 3.8915666538729417 5.311962180351918 0.5807298861404295 0.12697977369201624 -0.5057459818762663
2.7768131333136887 3.2429068190333705 1.6510915538835782 0.16692336932219792 1.0140024003954302 -1.0858276667367983
1.5661815014769391 4.9847065849831065 0.7098418803857465 0.10580305057076632 -0.7597501644035151 1.1357342615991044
0.20341546806432653 0.5003642768004894 5.969616590521784 -1.5503535283598844 -0.6185511967359302 0.31789950773878284
3.3754005715126247 6.097746781435914 0.0402341604042609 1.5383574056582308 -0.12537961053732966 -0.6145118940189365
3.8792334927622036 5.426238413958912 3.5654493100522884 1.8539904458644805 -1.5076432498805858 -2.25811832394582
3.938149599190683 4.703652084876915 2.950385154742748 0.41284782647722273 -0.561683573816953 -1.0805451844564513
3.455261929719621 4.2362299189003725 5.805111400892823 0.6811898237232437 0.18417136430685696 -0.6233909980624665
3.9239704939982047 3.6548213016432487 0.13096363009989365 -1.307471022247004 0.8128279788158028 0.5908888106329229
3.4390504307112426 3.5270544458621464 3.9543811121324484 -0.12634248735549258 1.787007646583324 -1.1293971336518907
2.0694583657518932 0.39543816278860167 3.2782475582744373 -1.5526917945008485 -0.7515374193455863 -0.10489838368123586
2.8592956847275244 4.072310662532484 1.1672202550898283 0.21617282574658217 -0.30086540732067174 0.29274302918855877
5.333700576380638 6.2743558554093175 4.240158430422239 -1.2787060477665537 1.3841352546089176 -0.14146354571830685
3.048494851559864 1.561071240395383 5.4764887627828704 1.090129208012018 0.2830959969133623 0.3974408518280459
3.94848000331504 1.2302990458720526 5.660256484591197 0.5426006566560942 0.3880792105529731 0.5834103925418058
5.4156897957950045 5.431458483817647 4.696564476857225 1.3019859065563217 0.13689182023712826 0.6496913902627742
3.568935387657856 3.2475719802475287 5.5912135599473975 -0.1169023178633364 1.380487865985131 -0.7357046693850078
5.83390730933967 0.1862087764606108 0.22582307244870492 1.773773809334706 -0.09978730010868528 -1.4900874694437862
3.2102661663034744 5.177403349567687 6.16601450577272 0.1009377913346796 -0.7406810069392227 0.781331181662986
0.48249881786873694 4.179795253939547 2.2705398799878003 -0.6797906028785006 -0.5058127826791216 -1.948853098271269
6.166289570342349 4.79317265657558 4.818371160440844 -0.4794729428251864 -2.4835086760932987 -1.6432151908114614
3.180919849544527 4.051454489054911 2.0746836470422094 0.7332480325681877 0.7261708091864904 0.3661451944592267
0.5739967450100947 4.965387161519388 5.469915680595765 -0.9941427667053226 -0.10734070560632172 -0.06291490641630645
0.476934411122496 6.052560147424749 3.591164997824335 -1.1855313127686524 1.4437689523028088 0.8180499232499333
4.562114417008655 6.133607499018544 3.648419601548986 -0.2481307974057736 -0.03274351046981109 0.14907044062181443
1.9317192498886993 4.426854655507255 1.0538984423127373 -2.0689014920004003 -0.3068067319849388 -0.7412966153235366
6.080397601508035 4.321436721562861 1.5274319575275204 -1.0287866334710252 -0.3407296423502968 1.7383741595237845
3.8970992173484302 4.8361797023028705 1.9653709652650564 0.6136762376909002 -0.6308083392471386 0.5132704140304205
0.9954143111494729 4.264141032358419 3.120468674124322 1.3721888130098925 0.865004333448427 0.0003180025944360815
3.3588073435333574 4.0066533813248055 4.848497080879079 -0.6741034012816836 0.6385939641492481 0.3341730180960116
2.6954782070391765 3.6388636522726276 5.584868693462659 0.8680265964516226 0.5755424522176277 0.9902403479935971
2.8640197935069973 0.4509720726706502 0.5192900907193702 -0.5624018351366776 1.2577647161699839 0.1382872373666616
3.6654781189344408 4.464301216240697 3.8931252558972003 2.048094249049156 -0.7488171675539097 1.6766514358395113
1.6746230660707202 0.4589016968909885 0.2071265186148601 0.17074415988653813 -0.7110473530787902 -0.5431982013800596
2.4496994895399644 4.669490842173824 1.8567846935561199 -0.34751393177042983 0.36453659693757456 0.4635231207097616
3.454070944771121 0.11291098098363417 2.339456294403751 -0.6008666275146887 -0.08398394172532471 2.0829579912861256
3.815819764154355 5.573372124621328 2.579620149307898 1.7003765465246017 0.3766943202096902 -0.021308889157537758
4.08856468992481 5.460341054957077 5.970995639547355 0.09286470314215163 0.5538886232660748 -1.0821049325241436
1.5885697031840487 5.04271981675739 3.1356310416758135 -0.28454316099945476 -1.7282134233419313 0.33991075527954123
2.149397536653257 3.481350769975418 0.9069527789756942 0.6200293161266314 -0.5428158117637158 1.5146743959642948
2.6905166186319076 2.1336601059873015 4.74439453785021 -1.252932286578451 -1.524004229674162 0.16513945123423399
1.5539527351202773 0.6104775091780468 0.7456486352200903 1.0199316790360449 1.6242983419935269 -0.5181966301946781
1.217447920584502 0.14932086474341186 1.2049844798701403 1.051514209855186 -0.09813781896504908 -0.23193966726655768
4.161120596128972 0.3674076532538225 1.7249614956987944 0.8564933139105627 0.5926935289490778 -1.6357045243099875
4.3435043634796795 3.924001420875596 4.296724389446538 1.449373726149786 1.3204620046831097 -0.6848750688352675
1.856902669366739 0.2747100405533458 0.4119084264925051 0.3686369098612994 0.4344008368183969 0.20136139849816906
