30
Time step 0
3.35
1.4497535725083905 2.8157923590391434 2.6609407648033843 0.3961939558159526 -0.6672456470330393 0.38680237985393756
1.9806566263515704 0.11215876788127727 0.9184681657674008 1.5725944972342878 -0.05795193153786658 1.5900504301595297
0.13997916207692962 3.2533007180145286 1.3637563703468676 -2.585187173321426 0.7997766119473088 0.11245384258369484
2.168409463038776 0.5883059981728777 0.07567559108598365 -0.264449419697549 0.06963488410758725 -1.9621621402553693
2.8942135902714448 0.3440853697969769 0.7240081387946312 -0.18511395706919342 0.3349866790838314 1.5033008190870396
0.06675047283112533 0.6564903160228082 2.2182518297782194 -0.4837122875053289 -0.8306194953211027 -0.4763502692390129
1.5979322158837264 0.4317607421136743 2.6212447392508578 0.9499600484703926 0.30662521723176944 -0.5043534294215152
0.6252183628462841 0.7495441155956273 1.386371624254078 0.5478253638816746 0.07495165692012534 0.9940517648784128
0.8392169294223158 2.6203133933426344 0.5357715297822953 -0.6674951631090339 -0.34978803902568323 -0.366701378786634
1.6527843256562968 2.277510118506458 0.107364221907099 -1.4289570173638 0.27399438463666104 0.28646204652541296
2.4821440321376853 0.8417067990459643 2.5204616530687036 0.03967138741077939 -0.25671302580306193 -1.3899639677048907
3.2643089486975576 3.05107518490641 2.2820305620588335 -0.38608739199704056 -0.3648404089546845 -0.7768704948760953
0.8493428851748164 0.08034074819799125 2.1227918630647276 -0.12672778089769063 0.3819249643866234 1.9115926755560537
1.8353498707974962 3.0577640081045874 1.800150921556767 0.20913574360015746 0.23542449829484932 -0.04903914142064359
0.4997822794844624 0.24739497880036554 0.5072869141416019 -1.884213284530723 -0.04863976787713192 0.08563698428655006
2.6129384664976802 0.31694935813198183 1.6910743429255868 2.4978000432536045 -0.21448685720903757 0.3269541166791361
1.3240241893329872 0.7889375513511044 0.670746400042288 -0.00015383893692481193 -1.1908039300474471 1.168229588860544
2.369878171049946 3.221625406957478 2.5945509530104225 0.7864909634550926 0.7689060546151318 -0.8839806804492153
1.3878797550022939 3.3285676276780736 0.13691277725525747 1.4373522417044178 -1.423976955220196 0.6122638681457939
1.0994179643372113 3.272285201524594 1.1910784479714385 2.225013556578297 -1.0126622175586033 -0.5408909552572483
1.4826367044516768 1.2541551457772613 3.143296369725641 0.13420929585595973 -0.5256015465441143 -1.5252566567206092
1.6111416194767652 0.6400520781155125 1.6536349697666322 0.10312090557434583 -1.08442960615402 0.4989992049807052
0.5573872896065447 3.0129081518673426 3.0239212776855746 -0.8848663034654847 1.5278085125896244 -0.7578465179907135
3.2564386618611394 2.837555106174656 0.4152013346205593 -0.2875035854373571 0.7913913249417547 -1.2054575420884317
3.109643896659711 0.26015613024374495 3.1156186021982193 0.2620178653724479 1.285016861854513 -1.582076460215704
2.3387699407724307 2.9838434290729476 0.17625908861057754 0.21919178930062272 0.2377569018205085 0.807229646122834
0.7171999324909161 0.6105618180334547 3.001405456220432 -1.2023927801097634 -1.3425825055121914 0.5473483399624213
2.24578636808927 1.0360473623382302 1.0018618630979976 0.33154260400150454 0.2283669579179615 0.3718549838424993
0.9877190976070882 1.111914744639821 2.230754179646287 -0.6454667908101723 0.2101278047330885 0.3184792476442049
2.6313283363760767 2.8116040118619323 1.1892252064378455 -0.6797934872580493 1.8436486187168415 0.49923969525731116
