50
Time step 0
3.97
1.3141059799273884 3.6324943917025045 2.888334789518946 -0.3906001111882855 0.4721350246371462 -0.14763416082818887
2.7835500851949178 0.49664646951526714 1.9215966855658004 -1.366917184026695 1.3134104968185543 0.6390106415638286
3.8408829894203524 3.2839254897108705 2.4831455412125933 0.5927928006358839 -0.7387997724912052 1.2898719198131536
2.882530249857614 0.36552013500008046 0.9205904383266756 -1.6000902091994438 0.757444776103804 2.0775332346870328
3.001346544467285 3.541757057695607 1.5573437631951426 -1.1887754715378513 -0.3957100472992382 -0.013271026035304348
0.559792006738677 0.32348063949977707 1.47217202979835 -0.7017148005233622 -1.380075748762599 -0.04435941631691824
2.0971762249607893 1.0704346566914453 2.3436406907331233 -1.2605428601332678 0.6441801129387152 -1.0323466253567488
1.4588722171243995 2.485099483315829 0.30820405697516545 1.3516952586103765 -0.6126656100327034 -0.43498390732862113
1.9123971702071911 3.1371838274940234 0.9387698207792652 0.6152780709625068 -1.0602766341304215 0.11453754348118385
2.125098270501054 3.099431578703612 3.9039428863185393 1.1089036078752652 -1.4368955522576938 0.07171146740935865
2.7173797497152092 0.5603816415156683 2.9831983557616866 0.06164364784126056 0.9524105540808441 -1.3498731020010275
3.7111001862105275 0.07391707374421452 3.1221782714064696 -1.5186957594914392 0.6925292479204314 0.1840622821102405
1.321800648216674 0.6145627334210892 2.7483520241756096 0.052253703938713564 0.5170358918005094 -0.7929471127014364
2.048413640617448 0.07843724340037975 2.405869417551202 0.03401455075384058 0.46366015560221496 -0.8272738091493134
3.471856274838804 0.42287770057402296 0.11929443419583079 1.6675353647375937 0.6444206032153212 -1.3042258883255942
1.4487658664467002 1.5761859186586238 1.6947317477622375 0.4583144622266667 -0.8040939879237877 0.6741622126195065
2.5218821737722417 0.7200004343279944 0.027729246252059525 0.9603564326002411 -0.6500946360481767 0.8504537381213763
2.8560287855345643 3.761629386133045 3.6054737608285916 0.21454178052933534 0.9926478422980237 1.7838705915310018
2.116569437365896 3.926686104156106 0.41555840740654104 -0.4436272624100335 -0.5831484820539559 -1.0024368207484688
0.3814505065144471 3.3647107192380523 1.6392186025977 -1.0140494313726012 0.09348597288942949 0.22822958369369833
1.9332929773046883 1.0824658902953523 3.326407770652318 0.07845165292285608 0.9977709313395575 -0.09992049924503854
1.4721888202318452 0.6015252781954035 1.7502935442778271 1.255294930750154 -0.09406915093442239 2.607246775466673
0.5089954102253823 0.23004678800412348 0.40787909922939514 0.4274282013578432 -0.6865698741127488 -1.1838148891840579
3.7496946066868078 3.863642771098591 0.9824656641383673 0.2842332688360223 -0.05287510302231721 0.6010781029691464
0.4636083544876512 3.345262269440486 3.2713602686688383 0.2749984781663819 0.09775876964666091 -0.9597161091913505
2.924482592280357 3.4198615251143787 0.5661500811662822 -1.7130863710930275 -0.27592726976348736 0.7434764032005268
1.9575797238430621 0.10683240304579575 3.419874943172507 0.015854597723040986 -1.0751510964084543 0.06025853472823643
1.9909676602199284 0.799200495709656 0.9126709686301862 0.1870782333216738 -0.7132697538975993 0.04080271482258234
0.6859294762218757 1.0297221123668245 2.1463431349709703 -0.14003042796116308 -0.9723826155270894 0.24486496922533774
2.9508353596785164 3.6925197646673165 2.539803294517449 0.3625453799610714 1.2536389254788107 0.9408796609119574
1.289933162902576 2.805913626541394 3.354688972458092 -1.575908514364254 -0.7672373576115891 0.4021128760857142
2.164180606613685 3.1654243126473496 1.9682753980958083 0.3155468045050458 0.6856353686095816 3.7398090995317754
1.6949607903647064 1.4854707736141837 0.25025327407708065 0.372651364286004 1.3061533224841326 0.8410793723702568
0.5550444612443205 0.03894058293678293 2.4481137752251936 0.453152104898635 -0.14468156233681193 0.6460468293703219
1.8882880464944929 2.059753677970615 3.419635700883342 -0.9710643609447348 -0.06623092443647519 -0.5982859389520491
1.3383797534254227 1.601279989159158 2.687299320559494 -0.11636500702084042 2.485246248977042 -1.9801875837146936
1.424607900435183 0.564284059464577 0.11193891511301139 0.48802104396735047 -1.442128188886118 -0.584854256912379
0.7142773744498913 0.28865792110120436 3.422306822676648 0.8907114505602031 0.23486770139899646 -1.1906671690522517
2.1921195782392493 3.230294176210989 2.9572748812940954 -0.9135428556671312 0.8501854312382096 -0.8432890228400822
0.8113360741842665 2.9528078274005014 2.4324086054376894 0.01821944317481189 0.21615952220734747 -0.7645227387287626
2.1333504998002293 3.951565282525472 1.4173532583343444 1.9457049429181628 0.8045067046215449 -2.138064977780553
3.691241248411134 0.13716524442860692 1.9673543853916418 -0.011784831637735332 -0.49119878246485427 0.7395109436732784
3.799256028294147 3.5012323635889055 0.03292892605164231 -0.9907598848398637 0.055851240836634675 0.3920648878575116
1.037867215664543 0.979174450080447 0.9212638934060448 0.6675160477629585 -1.0297087247522425 -0.44742362696389393
0.9916837222604876 1.2378832885550652 3.5279806246880883 -0.6731844575681192 -0.4827415502701782 1.6525318491581513
1.6877198510060838 2.5016133742319617 2.511062188326878 0.20674256455379256 -1.0902962720315115 0.8049395559318305
1.2483794955504801 3.584166142663791 3.9510489391487233 1.9239170506054704 1.2030529428546806 -1.632292357076959
1.3154308306470182 2.7018999928555605 1.6057690937249316 -0.6824732192734143 1.4374988314901564 -0.8205918567417263
1.2961967048089946 3.641449157755546 1.892750925844167 0.24558028173906546 0.9452217357328705 -1.0398528627010286
1.297709656065473 3.958363378996454 0.935745421342626 -0.25776450246896304 -3.070679657765539 -1.1373100324572354
