15
Time step 0
26.6
8.395755798068933 3.8996430018049573 15.669513635467014 -1.3936411229128514 1.079480371032159 2.637193448832255
17.75020137815443 3.929812847522075 2.5881415816113322 1.065117715292108 0.20612642272835024 0.7406414462284249
0.48270010214617964 24.3801731247043 18.27546368484123 -1.137607351855317 -1.5958061068623997 0.6325808241134961
18.185992771125985 3.46998159332895 1.8144225690411595 -0.6666636706531689 -1.3591899906868583 -1.0217108587672923
18.745829520291537 3.9418825915553506 2.4955189556876305 -1.2590743136717761 0.1219169893025097 0.4410032019928535
8.3221390612847 5.0912503851114055 14.567368033334409 0.7592264506031481 0.8818204367832493 0.6138782045245501
8.902471656197324 4.376980080946557 14.952202916456645 -0.33568789909478347 -0.6359892883104722 -1.6492728822676683
7.438751080004404 5.077520083419206 15.034896973440329 0.9711249667946112 -0.19024401459616735 -0.5515029014064862
12.824301116153931 18.770071815918385 3.542300889679377 1.0511943357104916 -0.9107198327811904 0.6936758265102426
13.02814206795413 17.971386209123466 2.976129387468159 0.16803937533876154 -1.0503417698409943 -0.2169233377483711
18.276300705565745 3.092334554808974 2.735957824112433 0.8444415247655783 0.7830835705704295 1.354314660163288
0.004158253206767881 24.704056002817804 19.091611704183762 0.20965924300311053 3.359784360301161 -1.0615103977875615
7.920411009101623 4.225121604343948 14.858450195717953 -0.5271603990054105 -0.07337598080025835 -1.5598700513115884
8.271616747845265 4.878339083623515 15.541231527707405 0.9139696083492118 0.8910205973003302 -0.12211926165803591
0.8763923936627082 24.33931671043786 7.001098760812398 -0.6629384626637144 -1.507565764139848 -0.9303779214181058
