15
Time step 0
2.66
2.1591037112666602 0.828243856530956 0.50591127947841 -1.3936411229128514 1.079480371032159 2.637193448832255
1.968228509969709 0.9283458282721697 1.199901914254686 1.065117715292108 0.20612642272835024 0.7406414462284249
0.24969325883933155 1.9044089031513998 1.136644169016014 -1.137607351855317 -1.5958061068623997 0.6325808241134961
1.5979801530077269 0.05948057578106857 0.21733846826986092 -0.6666636706531689 -1.3591899906868583 -1.0217108587672923
2.127746143196538 0.9167514234019377 0.03842389473317971 -1.2590743136717761 0.1219169893025097 0.4410032019928535
1.5144918320850096 1.0091228492001607 0.8095016552092043 0.7592264506031481 0.8818204367832493 0.6138782045245501
1.0378442699753274 1.4175719325439857 1.6143589732304418 -0.33568789909478347 -0.6359892883104722 -1.6492728822676683
0.8444734208188276 0.7988805655688693 0.8992500303520017 0.9711249667946112 -0.19024401459616735 -0.5515029014064862
1.2349298219416154 1.9702401970861056 0.792856175103023 1.0511943357104916 -0.9107198327811904 0.6936758265102426
1.592401687587609 1.7686103531726163 0.27334870156545366 0.16803937533876154 -1.0503417698409943 -0.2169233377483711
2.466568241563197 0.960274132018639 1.672780051314004 0.8444415247655783 0.7830835705704295 1.354314660163288
2.166822507684921 2.5541074775760513 2.095677703401184 0.20965924300311053 3.359784360301161 -1.0615103977875615
0.7082534801981635 0.020404723748352893 1.1274517713212788 -0.5271603990054105 -0.07337598080025835 -1.5598700513115884
1.501051067112133 0.8947308573772157 2.5186250068072784 0.9139696083492118 0.8910205973003302 -0.12211926165803591
0.0795754344219275 0.0803150153770118 0.37459505512640967 -0.6629384626637144 -1.507565764139848 -0.9303779214181058
