30
Time step 0
3.35
1.3291217734547611 2.732577900777134 2.702319924222483 0.3961939558159526 -0.6672456470330393 0.38680237985393756
2.063907925710744 0.656543126795192 0.6604928044940743 1.5725944972342878 -0.05795193153786658 1.5900504301595297
0.25249044014828703 2.9690557077427533 1.4770890074653997 -2.585187173321426 0.7997766119473088 0.11245384258369484
2.4038550033723873 0.45406286463607015 3.0678318208862256 -0.264449419697549 0.06963488410758725 -1.9621621402553693
3.0609607819637508 0.7768319934561445 0.34947615070446775 -0.18511395706919342 0.3349866790838314 1.5033008190870396
0.07026615580192087 0.4181500528310107 2.0963750814163773 -0.4837122875053289 -0.8306194953211027 -0.4763502692390129
1.7052049893641485 0.23473582937096138 2.3916275409217254 0.9499600484703926 0.30662521723176944 -0.5043534294215152
0.5619724617543145 0.8200922373975434 1.3105875866667205 0.5478253638816746 0.07495165692012534 0.9940517648784128
0.7370870370716982 2.6938691129932164 1.1578502619815259 -0.6674951631090339 -0.34978803902568323 -0.366701378786634
1.7315461057446124 2.7639295817442266 0.6773718570667805 -1.4289570173638 0.27399438463666104 0.28646204652541296
2.651840494769386 0.1503946458113048 1.0289802069965508 0.03967138741077939 -0.25671302580306193 -1.3899639677048907
0.27151755528713784 2.829649303739836 2.3250315163664843 -0.38608739199704056 -0.3648404089546845 -0.7768704948760953
0.9424580956535616 0.039625059826438234 1.8099240378034964 -0.12672778089769063 0.3819249643866234 1.9115926755560537
2.0963651074668763 0.03640698888668625 1.458217655152033 0.20913574360015746 0.23542449829484932 -0.04903914142064359
0.2235503413957594 0.08284039009383104 0.7954523599788311 -1.884213284530723 -0.04863976787713192 0.08563698428655006
2.45072873390845 0.7897937650155613 2.1259206193037503 2.4978000432536045 -0.21448685720903757 0.3269541166791361
0.6938238315121134 0.6649610556917759 0.20726006577395628 -0.00015383893692481193 -1.1908039300474471 1.168229588860544
2.2670909271677115 2.821185719878556 3.1381962492288733 0.7864909634550926 0.7689060546151318 -0.8839806804492153
1.5606339374504397 0.09803131097116413 0.012071034299824163 1.4373522417044178 -1.423976955220196 0.6122638681457939
1.209119333498865 0.20129165955164166 0.8982630544243543 2.225013556578297 -1.0126622175586033 -0.5408909552572483
1.5157749191345313 0.9900251758743582 3.0524045321293296 0.13420929585595973 -0.5256015465441143 -1.5252566567206092
1.6129478044813739 0.7930734258890466 1.5604360353641 0.10312090557434583 -1.08442960615402 0.4989992049807052
0.7847250475345923 2.926194770998705 0.18913697703205737 -0.8848663034654847 1.5278085125896244 -0.7578465179907135
3.289250988135805 2.5415836650366646 0.5274543009626899 -0.2875035854373571 0.7913913249417547 -1.2054575420884317
0.0884595324536086 3.2955981215919645 3.171526715586774 0.2620178653724479 1.285016861854513 -1.582076460215704
2.621512643363546 3.2415557408444147 0.5937642965292964 0.21919178930062272 0.2377569018205085 0.807229646122834
0.7832168437453176 0.17665131610920604 2.758854157136229 -1.2023927801097634 -1.3425825055121914 0.5473483399624213
1.2777049106785554 1.2219586749339761 0.7313242534933987 0.33154260400150454 0.2283669579179615 0.3718549838424993
0.932928914351213 0.9554384931305656 2.229860033335398 -0.6454667908101723 0.2101278047330885 0.3184792476442049
2.8692709119778157 0.5615976866153152 1.2824534906305973 -0.6797934872580493 1.8436486187168415 0.49923969525731116
